22222222222222222222222222222222222222222222222222
22222222222222222222222222222222222222222222222222
22222222222222222222222222222222222222222222222222
22222222222222222222222222222222222222222222222222
22222222222222222222222222222222222222222222222222
22222222222222222222222222222222222222222222222222
22222222222222222222222222222222222222222222222222
22222222222222222222222222222222222222222222222222
22222222222222222222222222222222222222222222222222
22222222222222222222222222222222222222222222222222
22222222222222222222222222222222222222222222222222
22222222222222222222222222222222222222222222222222
22222222222222222222222222222222222222222222222222
22222222222222222222222222222222222222222222222222
22222222222222222222222222222222222222222222222222
22222122222222222222222222222222222222220222222222
22222222222222222222222222222222222222222222222222
22222222222222222222222222222222222222222222222222
22222222222222222222222222222222222222222222222222
22222222222222222222222222222222222222222222222222
22222222222222222222222222222222222222222222222222
22222222222222222222222222222222222222222222222222
22222222222222222222222222222222222222222222222222
22222222222222222222222222222222222222222222222222
22222222222222222222222222222222222222222222222222
22222222222222222222222222222222222222222222222222
22222222222222222222222222222222222222222222222222
22222222222222222222222222222222222222222222222222
22222222222222222222222222222222222222222222222222
22222222222222222222222222222222222222222222222222