22222222222222222222222222222222222222222222222222
21222222222222222222222222222222222222222222222222
22222222222222222222222222222222222222222222222222
22222222222222222222222222222222222222222222222222
22222222222222222222222222222222222222222222222222
22222222222222222222222222222222222222222222222222
22222222222222222222222222222222222222222222222222
22222222222222222222222222222222222222222222222222
22222222222222222222222222222222222222222222222222
22222222222222222222222222222222222222222222222222
22222222222222222222222222222222222222222222222222
22222222222222222222222222222222222222222222222222
22222222222222222222222222222222222222222222222222
22222222222222222222222222222222222222222222222222
22222222222222222222222222222222222222222222222222
22222222222222222222222222222222222222222222222222
22222222222222222222222222222222222222222222222222
22222222222222222222222222222222222222222222222222
22222222222222222222222222222222222222222222222222
22222222222222222222222222222222222222222222222222
22222222222222222222222222222222222222222222222222
22222222222222222222222222222222222222222222222222
22222222222222222222222222222222222222222222222222
22222222222222222222222222222222222222222222222222
22222222222222222222222222222222222222222222222222
22222222222222222222222222222222222222222222222222
22222222222222222222222222222222222222222222222222
22222222222222222222222222222222222222222222222222
22222222222222222222222222222222222222222222222202
22222222222222222222222222222222222222222222222222